$ 1 0.000005 11.086722712598126 50 5 43 5e-11
412 288 256 176 256 1 0\s2.87e-11\s1.4255762355487085\s0.001 0\s1e-13\s1.4265146232048673\s0.001 0\s0.0025\s-1.7939871292060635e-8\s0 0\s6.4
183 176 144 288 144 0 0.5 1.66 3.33 5 0
w 176 144 176 256 0
g 288 288 288 336 0 0
g 176 288 176 336 0 0
r 288 144 288 256 0 5000
r 176 96 288 96 0 1000000
w 288 96 288 144 0
w 176 144 176 96 0
183 288 144 384 144 0 0.5 1.66 3.33 3.3 0
g 384 176 384 224 0 0
c 288 256 288 288 0 3.3e-11 5.074980483991154 0.001
c 176 256 176 288 0 3.3e-11 3.6494042484424454 0.001
p 384 144 384 176 1 0 0
o 0 64 0 4099 5 0.8 0 2 0 3
o 13 64 0 4098 5 0.1 1 1
